34 20
0000000000000000110000000000000000
0100000000000000110000000000000000
0100000001000000001100000000000000
0100000000100000001100000000000000
0000000011100000000000000000000000
0110000000000000000000000000000000
1001000000000000000000000000000000
0110001100000000000000000000000000
0000010010000000000000000000000000
0000001011000000000000000000000000
0000000100000000000000000000000000
0000000000000000000000000000000000
0000000000000000000000000000000000
0000000000000000000000000000000000
0000000000000000000000000000000000
0000000000000000000000000000000000
0000000000000000000000000000000000
0000000000000000000000000000000000
0000000000000000000000000000000000
0000000000000000000000000000000000
